l1: 市場路線
l1-1
l1-2
l1-3 從市場到水果行到公園：
{

    [25.079394535699667, 121.54504000100854] ,
    [25.07950628500472, 121.54503195123404] ,
     [25.079625322195696, 121.54506146707391] ,
    [25.07972735398157, 121.54507756662296] ,
    [25.079690914067815, 121.54487363900195] ,
    [25.079688484739847, 121.54472605980253] ,
    [25.079688484739847, 121.54451139914877] ,
[25.079933846621348, 121.54450124944715] ,
[25.08026666343712, 121.54450929922163] ,
[25.080716086168554, 121.54452003435266] ,
[25.080764672310977, 121.54458443254873] ,
[25.081092628267903, 121.54458711580692] ,
[25.081194658830867, 121.54456833299973], 
[25.081245674080453, 121.54457906603238], 
[25.08126510845565, 121.54467429704232] ,
[25.08144487628004, 121.54481919298357] ,
[25.08172667395999, 121.54483529253262] ,
[25.081818986852028, 121.54475479478747], 
[25.0821445107052, 121.54478699388552] ,
[25.08227569171475, 121.54490505724506] ,
[25.082406872583714, 121.54504995318631]    
}

l2 公園溜直排輪-朋友家
l3 大直教會-國小公車站牌
